319.27552
319.27552
319.27552
319.27552
392.69248
277.12256
319.27552
319.27552
319.27552
319.27552
319.27552
319.27552
319.27552
319.27552
319.27552
319.27552
293.80608
284.03712
319.27552
319.27552
393.28512
319.27552
396.78464
319.27552
319.27552
393.07008
319.27552
396.68864
319.27552
319.27552
319.27552
319.27552
319.27552
319.27552
319.27552
319.27552
319.27552
319.27552
393.07008
294.73664
319.27552
317.8112
319.27552
319.27552
319.27552
319.27552
319.27552
319.27552
319.27552
319.27552
319.27552
319.27552
283.20512
303.14496
319.27552
319.27552
319.27552
319.27552
319.27552
319.27552
396.38656
319.27552
294.42048
303.14496
319.27552
302.2848
319.27552
319.27552
294.73664
319.27552
319.27552
319.27552
319.27552
319.27552
319.27552
319.27552
319.27552
319.27552
319.27552
319.27552
319.27552
319.27552
319.27552
319.27552
319.27552
319.27552
393.49504
319.27552
319.27552
319.27552
393.79072
319.27552
319.27552
319.27552
319.27552
283.07584
293.80608
319.27552
319.27552
319.27552
319.27552
319.27552
319.27552
302.2848
292.97792
319.27552
319.27552
319.27552
319.27552
319.27552
319.27552
294.42048
396.75392
319.27552
319.27552
319.27552
319.27552
319.27552
393.07008
281.58464
319.27552
319.27552
319.27552
319.27552
319.27552
319.27552
319.27552
396.38656
319.27552
294.73664
319.27552
319.27552
319.27552
392.89472
319.27552
319.27552
319.27552
319.27552
393.49504
319.27552
319.27552
319.27552
319.27552
319.27552
319.27552
319.27552
319.27552
319.27552
293.85216
319.27552
319.27552
319.27552
319.27552
294.42048
319.27552
319.27552
319.27552
319.27552
319.27552
319.27552
294.42048
319.27552
319.27552
319.27552
319.27552
319.27552
319.27552
319.27552
319.27552
319.27552
302.80064
302.28608
319.27552
319.27552
319.27552
319.27552
319.27552
319.27552
319.27552
319.27552
319.27552
319.27552
319.27552
319.27552
319.27552
319.27552
319.27552
319.27552
319.27552
319.27552
319.27552
287.29344
319.27552
317.8112
319.27552
319.27552
287.35616
319.27552
319.27552
301.92896
282.19008
287.11424
319.27552
319.27552
319.27552
319.27552
281.42336
319.27552
317.8112
319.27552
319.27552
319.27552
319.27552
319.27552
319.27552
319.27552
294.42048
319.27552
284.03712
319.27552
319.27552
319.27552
319.27552
319.27552
294.73664
319.27552
319.27552
319.27552
392.89472
319.27552
319.27552
396.68864
287.04512
319.27552
319.27552
319.27552
392.72832
319.27552
302.80064
319.27552
317.8112
319.27552
319.27552
319.27552
303.47136
319.27552
319.27552
317.8112
319.27552
302.2848
319.27552
319.27552
319.27552
319.27552
317.8112
319.27552
319.27552
302.80064
287.424
319.27552
319.27552
302.2848
319.27552
319.27552
319.27552
319.27552
319.27552
392.72832
319.27552
319.27552
319.27552
319.27552
319.27552
319.27552
319.27552
303.47136
319.27552
319.27552
319.27552
319.27552
319.27552
393.8304
319.27552
319.27552
302.16832
319.27552
319.27552
319.27552
319.27552
282.19008
319.27552
319.27552
294.42048
319.27552
302.2848
319.27552
319.27552
319.27552
294.99008
302.2848
317.8112
319.27552
319.27552
319.27552
319.27552
319.27552
319.27552
319.27552
319.27552
319.27552
276.98816
319.27552
294.42048
319.27552
319.27552
319.27552
319.27552
319.27552
319.27552
319.27552
276.98816
319.27552
319.27552
283.20512
319.27552
280.83328
294.42048
319.27552
317.8112
319.27552
319.27552
287.424
319.27552
319.27552
282.8416
319.27552
319.27552
293.80608
319.27552
319.27552
319.27552
319.27552
396.38656
277.3632
319.27552
319.27552
319.27552
319.27552
319.27552
319.27552
303.14496
293.85216
302.34752
287.29344
319.27552
319.27552
319.27552
319.27552
319.27552
283.42144
281.42336
317.8112
293.89568
319.27552
393.8304
317.8112
294.42048
319.27552
319.27552
319.27552
319.27552
294.42048
319.27552
319.27552
319.27552
319.27552
319.27552
319.27552
302.2848
319.27552
282.8416
319.27552
319.27552
319.27552
396.78464
319.27552
319.27552
294.42048
319.27552
319.27552
319.27552
319.27552
319.27552
317.8112
302.80064
319.27552
319.27552
319.27552
393.49504
319.27552
319.27552
319.27552
319.27552
319.27552
319.27552
319.27552
319.27552
319.27552
319.27552
319.27552
319.27552
396.35712
319.27552
319.27552
319.27552
319.27552
294.73664
319.27552
319.27552
293.40416
319.27552
317.8112
396.75392
317.8112
392.32896
319.27552
319.27552
319.27552
319.27552
293.80608
319.27552
319.27552
287.11424
319.27552
319.27552
319.27552
319.27552
319.27552
393.79072
319.27552
319.27552
317.8112
294.42048
319.27552
319.27552
317.8112
283.07584
319.27552
319.27552
319.27552
319.27552
319.27552
319.27552
319.27552
302.2848
319.27552
319.27552
302.34752
319.27552
319.27552
319.27552
295.09632
319.27552
302.2848
319.27552
319.27552
319.27552
294.42048
317.8112
319.27552
319.27552
319.27552
319.27552
319.27552
303.14496
294.73664
319.27552
287.58784
319.27552
319.27552
319.27552
317.8112
319.27552
319.27552
319.27552
319.27552
319.27552
319.27552
319.27552
319.27552
319.27552
319.27552
319.27552
302.76096
319.27552
319.27552
319.27552
319.27552
319.27552
319.27552
294.73664
319.27552
319.27552
282.8416
319.27552
319.27552
302.80064
317.8112
319.27552
319.27552
282.8416
319.27552
319.27552
317.8112
319.27552
319.27552
319.27552
319.27552
319.27552
319.27552
292.97792
319.27552
319.27552
319.27552
319.27552
319.27552
282.19008
284.20224
319.27552
319.27552
287.11424
319.27552
319.27552
294.73664
319.27552
317.8112
319.27552
319.27552
319.27552
319.27552
302.28608
319.27552
392.32896
396.38656
319.27552
319.27552
317.8112
396.68864
317.8112
319.27552
319.27552
319.27552
319.27552
302.28608
319.27552
319.27552
281.58464
302.28608
319.27552
392.89472
319.27552
319.27552
319.27552
319.27552
319.27552
282.8608
319.27552
392.89472
319.27552
319.27552
319.27552
319.27552
319.27552
393.79072
319.27552
319.27552
319.27552
319.27552
277.3632
303.14496
319.27552
294.42048
303.14496
319.27552
319.27552
319.27552
317.8112
319.27552
319.27552
319.27552
282.85952
319.27552
317.8112
319.27552
319.27552
319.27552
319.27552
319.27552
319.27552
302.80064
319.27552
319.27552
319.27552
319.27552
319.27552
319.27552
319.27552
319.27552
319.27552
319.27552
319.27552
287.35616
319.27552
319.27552
276.98816
319.27552
294.42048
319.27552
319.27552
294.42048
319.27552
392.89472
319.27552
319.27552
319.27552
319.27552
319.27552
319.27552
319.27552
319.27552
319.27552
319.27552
319.27552
319.27552
319.27552
319.27552
319.27552
319.27552
319.27552
319.27552
319.27552
393.79072
319.27552
319.27552
319.27552
319.27552
294.42048
319.27552
294.42048
319.27552
319.27552
319.27552
319.27552
302.2848
319.27552
319.27552
319.27552
319.27552
302.17088
319.27552
319.27552
319.27552
319.27552
319.27552
319.27552
283.42144
319.27552
319.27552
319.27552
319.27552
319.27552
319.27552
319.27552
319.27552
319.27552
282.8608
319.27552
319.27552
294.73664
319.27552
319.27552
281.42336
303.14496
302.17088
319.27552
319.27552
287.58784
319.27552
319.27552
319.27552
396.38656
319.27552
319.27552
277.12256
319.27552
317.8112
319.27552
302.2848
319.27552
319.27552
319.27552
319.27552
281.42336
294.42048
302.21824
319.27552
319.27552
319.27552
317.8112
319.27552
287.58784
319.27552
319.27552
319.27552
319.27552
293.89568
319.27552
319.27552
393.28512
319.27552
317.8112
319.27552
293.85216
292.97792
319.27552
317.8112
319.27552
317.8112
319.27552
319.27552
317.8112
319.27552
319.27552
319.27552
319.27552
319.27552
319.27552
319.27552
319.27552
319.27552
319.27552
319.27552
319.27552
317.8112
287.35616
319.27552
319.27552
319.27552
319.27552
317.8112
319.27552
317.8112
317.8112
293.40416
317.8112
392.69248
295.09632
319.27552
319.27552
302.76096
282.19008
319.27552
319.27552
319.27552
319.27552
392.69248
319.27552
319.27552
319.27552
319.27552
319.27552
292.97792
319.27552
319.27552
319.27552
396.38656
319.27552
319.27552
319.27552
294.42048
319.27552
319.27552
319.27552
317.8112
281.47456
319.27552
319.27552
319.27552
319.27552
319.27552
303.14496
317.8112
319.27552
319.27552
319.27552
319.27552
302.2848
319.27552
302.2848
319.27552
319.27552
319.27552
294.42048
317.8112
319.27552
319.27552
319.27552
319.27552
293.40416
319.27552
319.27552
284.03712
319.27552
283.07584
319.27552
319.27552
319.27552
319.27552
319.27552
319.27552
319.27552
319.27552
293.85216
319.27552
319.27552
294.42048
319.27552
319.27552
319.27552
319.27552
319.27552
319.27552
319.27552
293.85216
303.14496
319.27552
287.56224
319.27552
319.27552
282.85952
319.27552
319.27552
319.27552
319.27552
319.27552
319.27552
319.27552
392.69248
319.27552
319.27552
319.27552
319.27552
319.27552
319.27552
319.27552
319.27552
319.27552
319.27552
319.27552
302.21824
319.27552
317.8112
283.07584
319.27552
319.27552
277.12256
319.27552
319.27552
302.17088
319.27552
319.27552
302.2848
319.27552
319.27552
319.27552
319.27552
292.3776
319.27552
319.27552
319.27552
319.27552
302.34752
319.27552
292.97792
319.27552
319.27552
319.27552
319.27552
319.27552
319.27552
293.89568
319.27552
319.27552
319.27552
319.27552
319.27552
319.27552
319.27552
319.27552
294.73664
282.8416
303.47136
319.27552
319.27552
319.27552
319.27552
319.27552
317.8112
319.27552
319.27552
319.27552
319.27552
280.83328
317.8112
319.27552
319.27552
319.27552
282.8416
319.27552
319.27552
319.27552
319.27552
319.27552
317.8112
294.99008
319.27552
294.42048
319.27552
319.27552
283.07584
319.27552
319.27552
319.27552
317.8112
319.27552
319.27552
292.3776
319.27552
319.27552
319.27552
319.27552
393.07008
281.42336
319.27552
301.92896
392.32896
319.27552
283.07584
319.27552
319.27552
319.27552
294.42048
319.27552
317.8112
319.27552
319.27552
319.27552
319.27552
294.73664
294.42048
319.27552
319.27552
319.27552
319.27552
319.27552
319.27552
294.73664
287.35616
319.27552
319.27552
283.20512
319.27552
319.27552
393.8304
284.20224
319.27552
319.27552
319.27552
319.27552
319.27552
396.35712
319.27552
393.79072
319.27552
319.27552
396.35712
319.27552
319.27552
319.27552
319.27552
319.27552
319.27552
319.27552
319.27552
319.27552
319.27552
319.27552
319.27552
319.27552
319.27552
