317.8112
309.9904
302.88256
319.27552
301.15328
309.73824
303.14496
283.14112
319.27552
309.94944
302.5536
276.97152
319.27552
315.59552
314.99392
319.27552
319.27552
287.424
319.27552
307.47264
319.27552
318.00192
279.59168
319.27552
308.45696
292.3776
294.73664
276.98816
319.27552
314.99392
307.64544
319.27552
319.27552
284.50432
277.24416
298.8928
319.27552
319.27552
319.27552
319.27552
279.50848
282.8608
319.27552
294.35776
291.64672
281.58464
319.27552
319.27552
319.27552
319.27552
319.27552
306.87104
298.31424
278.99904
319.27552
310.11072
294.99008
319.27552
319.27552
281.58464
319.27552
302.21824
287.56224
275.9168
302.70976
319.27552
302.2848
282.8608
318.00192
291.64672
308.45696
282.78656
299.08864
294.99008
315.8144
281.42336
302.28608
295.09632
287.29344
293.54368
319.27552
319.27552
319.27552
319.27552
293.54368
291.9744
287.28576
319.27552
283.07584
277.3632
319.27552
282.19008
281.96608
319.74656
302.89536
317.8112
319.27552
319.27552
281.42336
309.66528
309.22368
319.27552
291.74528
319.27552
310.06208
302.34752
283.20512
319.27552
287.18848
287.34208
308.3264
307.64544
301.15328
277.3632
319.27552
307.64544
319.27552
301.99552
319.27552
309.69216
291.8592
319.27552
282.78656
319.27552
293.90208
319.27552
279.59168
319.27552
308.38656
302.28608
287.49312
307.64544
294.51904
302.34752
319.27552
276.97024
309.70112
319.27552
319.27552
294.35776
308.45696
309.94944
287.46752
319.27552
319.27552
319.27552
319.27552
319.27552
319.27552
315.11424
319.27552
279.50848
303.47136
282.85952
314.35392
280.86272
277.70752
319.27552
277.12256
309.58976
302.76096
298.36416
319.27552
309.9904
303.27296
277.10464
319.27552
301.81376
282.02112
287.29344
302.5536
277.12256
306.77504
279.59168
308.32896
295.09632
315.98464
277.12256
319.27552
314.5792
319.27552
319.27552
319.27552
276.97024
319.27552
291.64672
308.54272
281.79072
292.64
282.02112
319.27552
307.64544
308.61824
282.78656
277.24416
287.43296
282.752
281.64992
302.0416
302.80064
287.36
282.67264
319.27552
312.61568
277.24416
319.27552
277.18528
319.27552
281.42336
319.27552
319.27552
298.51648
319.27552
319.27552
299.21024
319.27552
319.27552
303.27296
308.5184
319.27552
319.27552
319.27552
319.27552
319.27552
317.8112
293.87648
319.27552
282.8608
293.90208
319.27552
276.98816
319.27552
319.27552
319.27552
319.27552
287.65696
318.00192
287.64416
302.70976
287.04256
293.85216
294.73664
281.47456
318.00192
319.27552
293.32992
301.15456
314.85952
319.27552
287.28576
319.27552
315.98464
319.27552
302.88256
319.27552
293.89568
319.27552
282.8416
275.9168
283.84256
277.23136
309.86112
280.67456
319.27552
309.96864
281.44768
301.81376
282.67264
319.27552
298.68288
319.27552
310.46784
319.27552
319.27552
282.8608
306.77504
295.09632
301.86496
284.20224
319.27552
283.07584
319.27552
277.3632
287.16416
277.56032
319.27552
298.32448
315.39456
309.86112
277.10464
319.27552
293.97504
277.56032
319.27552
282.0992
319.27552
319.27552
282.8608
314.85952
319.27552
317.8112
309.4976
282.85952
281.98656
276.97024
318.00192
314.98112
319.27552
291.64672
307.3344
275.9168
292.97792
302.80064
302.2848
275.92192
283.28448
291.70176
319.27552
317.8112
298.31424
292.34048
310.00576
275.30368
319.27552
287.11424
319.27552
308.5376
309.64992
319.27552
300.36992
293.97504
282.7328
309.91232
292.08192
302.89536
277.3632
307.23328
319.27552
307.47264
319.27552
319.27552
286.92736
307.23328
292.97792
308.54272
282.85952
302.36544
301.15328
319.27552
319.27552
281.64992
319.27552
302.83264
286.9568
292.34048
319.27552
292.34048
281.96608
308.45696
282.19008
302.70976
319.27552
302.76096
319.27552
319.27552
287.03872
298.8928
319.27552
319.27552
279.59168
287.65696
279.19616
302.01472
277.23136
319.27552
309.66016
282.85824
281.42336
309.44128
310.19136
302.0864
293.90208
294.51904
282.78656
319.27552
301.15328
306.77504
317.8112
308.45696
282.85952
319.27552
319.27552
319.27552
307.47264
309.3248
301.36448
287.648
282.02112
283.07584
294.73664
291.64672
308.38656
315.43936
293.40416
301.81504
303.14496
319.27552
319.27552
315.98464
280.86272
319.27552
282.28224
319.27552
319.27552
277.23136
307.64544
280.86272
319.27552
277.56032
308.45696
283.14112
307.64544
318.00192
317.8112
319.27552
280.95616
281.42336
319.27552
277.13792
277.3632
309.5168
295.09632
310.19136
275.58144
293.54368
319.74656
301.95584
319.27552
302.2848
319.27552
318.00192
293.90208
315.82592
291.64672
281.58464
307.64544
319.27552
298.76736
319.27552
287.33056
309.3248
301.76
307.64544
315.39456
309.64992
317.8112
282.76224
309.96864
317.8112
307.64544
317.8112
291.8592
309.70112
275.58144
282.19008
315.20768
287.36
319.27552
315.59552
294.2784
319.27552
298.31424
283.28448
308.05248
319.27552
319.27552
287.46752
303.14496
307.3344
294.42048
319.27552
298.51648
314.35392
319.27552
319.27552
302.2848
279.19616
281.42336
307.64544
319.27552
319.27552
292.34048
282.67264
287.34208
319.27552
293.85472
319.27552
315.82592
310.00576
319.27552
277.56032
302.0416
275.9168
319.27552
319.27552
319.27552
319.27552
319.27552
319.27552
324.34304
287.26784
319.27552
314.5216
314.5216
307.70816
319.27552
293.80608
308.5376
301.28896
319.27552
319.27552
308.45696
302.21824
277.18528
302.0096
315.59552
299.21024
317.8112
281.42336
280.94336
303.31904
298.8864
308.45696
319.27552
309.64992
319.27552
281.58464
319.27552
276.97152
302.2848
280.83328
319.27552
302.16832
284.03712
307.64544
308.04224
309.33888
319.27552
309.66528
319.27552
310.848
319.27552
287.49312
307.47264
319.27552
319.27552
315.05408
280.83328
319.27552
319.27552
319.27552
319.27552
278.99904
312.61568
319.27552
319.27552
280.83328
302.0864
302.28608
319.27552
276.97024
319.27552
283.84256
308.45696
283.14112
307.64544
300.76544
317.8112
309.56288
293.90208
294.42048
276.97152
280.96128
319.27552
308.54272
282.85952
283.07584
292.3136
300.0256
319.27552
292.3776
275.9552
282.19008
294.35776
276.98816
291.8592
277.24416
294.40384
301.15328
319.27552
319.27552
319.27552
277.10464
309.64992
287.49312
319.27552
281.79072
302.2848
308.13696
287.04256
312.61568
308.36864
282.15936
302.83264
319.27552
319.27552
319.27552
310.13504
319.27552
275.9552
298.8864
302.17088
319.27552
319.27552
292.08192
319.27552
284.03712
292.71808
292.04736
302.17088
319.27552
280.96128
319.27552
309.6384
294.42048
282.7264
314.35392
299.08864
298.76736
307.3344
281.64992
281.96608
307.64544
308.05248
308.29824
319.27552
282.7264
319.27552
287.04256
319.27552
287.04256
319.27552
295.09632
287.68
287.56224
294.51904
309.98912
293.37216
310.2656
319.27552
291.8592
307.64544
309.73824
277.10464
294.42048
317.8112
301.1968
319.27552
317.8112
319.27552
275.92192
302.60352
309.66528
299.21024
292.08192
307.64544
319.27552
301.6448
303.24224
319.27552
319.27552
302.0864
282.8416
302.65216
319.27552
294.42048
282.28224
317.8112
302.0416
291.74528
287.04256
302.01472
293.51168
319.27552
301.6448
287.34208
319.27552
309.22368
302.54464
309.73824
292.3776
314.5216
319.27552
319.27552
282.67264
277.12256
319.27552
282.28224
310.2848
279.19616
282.85952
319.27552
319.27552
319.27552
319.27552
283.49568
295.09632
287.04512
307.64544
302.05824
319.27552
302.2848
302.2848
287.23968
309.66016
307.64544
298.34112
319.27552
281.42336
294.51904
319.27552
317.8112
319.27552
295.61216
309.65888
319.27552
301.86496
309.4976
319.27552
293.80608
293.37216
319.27552
286.9568
292.34048
294.42048
282.67264
275.92192
315.51232
281.64992
324.75264
287.65696
308.45696
287.424
302.2848
282.8608
283.42144
310.19136
308.05248
319.27552
319.27552
309.58976
294.42048
314.35392
319.27552
287.35616
319.27552
319.27552
287.56224
319.27552
302.15552
302.80064
319.27552
319.27552
319.27552
303.31904
319.27552
319.27552
282.8416
317.8112
319.27552
310.19136
314.5216
319.27552
319.27552
287.04512
319.27552
275.9168
319.27552
295.09632
299.08864
292.08192
292.34048
281.58464
319.27552
319.27552
319.27552
302.60352
324.77568
301.99552
280.86272
319.27552
319.27552
319.27552
282.15936
303.31904
319.27552
293.32992
275.9168
309.64992
287.16416
319.27552
310.08896
309.61408
282.0992
280.83328
309.22368
319.27552
276.97024
302.21824
277.3632
319.27552
283.14112
276.97024
302.83264
277.70752
276.97152
308.45696
294.42048
319.27552
310.1952
275.3088
319.27552
279.50848
294.42048
319.27552
277.23136
294.73664
310.20416
306.77504
319.27552
299.08864
315.82592
287.58784
276.97024
319.27552
319.27552
300.0256
310.52288
276.98816
319.27552
287.29344
302.2848
302.2848
303.47136
309.82912
309.4976
292.71808
298.8928
319.27552
294.42048
280.67456
276.98816
281.42336
302.99392
294.51904
318.00192
281.31968
319.27552
319.27552
287.19872
277.12384
319.27552
319.27552
319.27552
319.27552
319.27552
308.45696
284.20224
318.00192
280.67456
318.00192
308.38656
283.28448
287.58784
315.98464
319.27552
319.27552
307.64544
282.7968
302.2848
319.27552
319.27552
301.92896
294.35776
281.58464
307.33056
301.81376
309.86112
319.27552
309.3888
319.27552
319.27552
319.27552
319.27552
284.20224
319.27552
287.34208
319.27552
319.27552
287.56224
319.27552
319.27552
281.79072
287.16416
319.27552
294.99008
319.27552
319.27552
277.13792
276.97024
319.27552
319.27552
280.83328
292.34048
295.09632
319.27552
317.8112
319.27552
319.27552
302.21824
275.9168
293.85216
319.27552
319.27552
293.80608
309.33888
319.27552
317.8112
319.27552
276.98816
293.69472
283.14112
319.27552
291.64672
299.30368
317.8112
319.27552
302.0864
307.33056
319.27552
293.85216
281.58464
309.56288
319.27552
284.20224
295.09632
319.27552
308.1024
294.42048
303.36256
281.79072
306.7392
313.45792
306.87104
281.96608
275.30368
319.27552
283.22176
276.97024
319.27552
315.51232
299.08864
319.27552
277.13792
276.97024
307.64544
281.42336
276.98816
298.77248
314.85952
319.27552
315.59552
310.00576
319.27552
287.64416
319.27552
277.12384
306.87104
306.77504
313.97504
301.86496
275.92192
319.27552
303.31904
319.27552
302.36544
306.77504
319.27552
281.42336
287.29344
