4007.70432
4007.70432
4007.70432
4007.70432
3851.10784
4007.70432
4007.70432
3715.65568
4007.70432
4007.70432
4342.80448
4007.70432
8037.99168
4352.0512
4007.70432
4007.70432
4324.35968
4007.70432
4007.70432
8037.99168
4007.70432
4880.97536
4007.70432
4007.70432
4007.70432
8037.99168
4007.70432
4007.70432
4993.18272
4007.70432
4007.70432
4007.70432
8037.99168
4856.43776
4007.70432
4007.70432
4857.72672
4007.70432
4007.70432
4042.98368
4007.70432
4007.70432
4007.70432
4007.70432
8037.99168
4007.70432
4318.43456
4007.70432
4007.70432
4007.70432
4007.70432
4007.70432
4007.70432
4007.70432
4012.69248
4007.70432
4007.70432
4007.70432
4007.70432
4007.70432
8037.99168
4007.70432
4007.70432
4007.70432
8037.99168
4007.70432
4007.70432
4007.70432
4318.43456
4007.70432
4007.70432
4012.69248
4007.70432
4007.70432
4007.70432
4007.70432
4007.70432
4007.70432
4414.62912
5029.11488
4007.70432
4411.68768
4007.70432
4007.70432
4007.70432
3852.63232
3858.39488
4007.70432
4007.70432
4007.70432
4007.70432
8037.99168
4007.70432
4993.18272
4028.46208
4007.70432
4317.51168
4007.70432
4301.7024
4276.62208
4007.70432
3778.64576
4007.70432
4318.3616
4882.79552
4007.70432
4007.70432
4007.70432
4007.70432
4007.70432
4352.0512
4007.70432
3864.17024
4007.70432
4007.70432
4007.70432
4631.66336
8037.99168
4317.51168
4007.70432
4007.70432
3864.4608
4280.02048
4007.70432
4376.5888
4007.70432
4249.1392
4007.70432
8037.99168
4007.70432
4007.70432
8037.99168
4422.19392
8037.99168
4007.70432
4007.70432
4007.70432
4316.64768
4007.70432
4045.70752
4350.82112
4007.70432
4007.70432
4339.70048
4007.70432
4316.64768
4007.70432
4007.70432
4007.70432
8037.99168
4007.70432
4007.70432
4316.64768
4007.70432
4007.70432
4007.70432
4993.61152
4007.70432
4007.70432
8037.99168
4300.78976
4007.70432
4335.95136
4334.89664
5019.11424
4995.1296
4007.70432
4007.70432
4007.70432
4418.27456
4007.70432
4007.70432
4316.64768
8037.99168
4007.70432
4007.70432
4007.70432
4007.70432
4007.70432
4007.70432
4007.70432
4007.70432
4007.70432
4007.70432
4007.70432
4007.70432
8037.99168
4007.70432
4007.70432
3911.34848
4007.70432
4043.97184
4007.70432
8037.99168
4007.70432
4007.70432
4007.70432
4422.19392
4012.69248
4007.70432
4007.70432
4045.53216
4007.70432
4007.70432
4007.70432
4007.70432
4412.61568
4012.69248
4301.7024
8037.99168
4411.70816
4007.70432
4007.70432
4880.77568
4007.70432
4248.8192
4007.70432
4007.70432
4007.70432
4007.70432
4007.70432
8037.99168
4275.9872
4007.70432
4007.70432
3852.63232
4007.70432
4007.70432
4577.6
4007.70432
4352.0512
4007.70432
4007.70432
4411.70816
4352.0512
4321.08544
8037.99168
4007.70432
4007.70432
4007.70432
4007.70432
4007.70432
8037.99168
8037.99168
3715.65568
4007.70432
4007.70432
3768.04864
4995.1296
4007.70432
4007.70432
4007.70432
4007.70432
4007.70432
4007.70432
4317.51168
4007.70432
4007.70432
4007.70432
4574.784
4334.89664
4007.70432
4007.70432
4419.16032
4007.70432
4007.70432
4007.70432
4316.64768
4007.70432
4007.70432
4007.70432
4007.70432
4007.70432
4007.70432
4007.70432
4007.70432
8037.99168
4007.70432
4007.70432
4007.70432
4007.70432
4007.70432
4007.70432
4007.70432
4352.0512
4007.70432
4007.70432
4007.70432
4007.70432
8037.99168
4304.23936
4007.70432
4279.38176
4007.70432
4007.70432
4991.44064
4007.70432
4007.70432
4007.70432
4007.70432
4007.70432
3864.17024
4316.64768
4007.70432
4248.73088
4007.70432
8037.99168
8037.99168
4007.70432
4007.70432
4007.70432
4007.70432
4007.70432
4879.24352
4350.82112
8037.99168
4007.70432
8037.99168
8037.99168
4007.70432
4316.64768
4306.04032
4413.76512
4007.70432
4007.70432
4007.70432
8037.99168
3780.83712
4007.70432
4007.70432
4007.70432
4007.70432
8037.99168
8037.99168
4007.70432
4007.70432
4278.5152
4320.18816
4007.70432
8037.99168
4007.70432
4007.70432
4278.5152
4007.70432
4007.70432
4007.70432
4317.51168
4007.70432
4007.70432
4576.48128
4007.70432
4416.1792
4007.70432
4007.70432
4007.70432
8037.99168
4012.69248
4007.70432
4007.70432
4007.70432
4007.70432
4007.70432
4880.93952
4007.70432
4007.70432
8037.99168
4280.02048
4007.70432
4007.70432
4007.70432
4007.70432
4007.70432
4007.70432
4007.70432
4007.70432
4007.70432
4007.70432
4316.64768
8037.99168
5010.04032
5010.04032
4007.70432
4334.89664
4007.70432
4007.70432
4007.70432
4007.70432
4007.70432
4352.0512
4320.34304
4007.70432
4007.70432
4007.70432
4007.70432
4007.70432
4007.70432
4025.07776
3915.9488
4007.70432
4007.70432
8037.99168
4316.64768
4007.70432
4007.70432
4007.70432
4007.70432
4007.70432
4007.70432
4007.70432
4007.70432
8037.99168
4007.70432
4007.70432
4007.70432
4007.70432
4007.70432
4352.0512
4007.70432
4995.1296
4007.70432
4334.89664
4007.70432
4007.70432
4007.70432
4007.70432
4012.69248
4007.70432
4275.9872
3851.10784
4007.70432
4007.70432
4007.70432
4007.70432
4007.70432
4007.70432
8037.99168
4007.70432
4007.70432
4276.93184
4007.70432
4321.34016
4007.70432
4009.88928
4007.70432
4276.30208
4350.82112
4007.70432
4332.70272
8037.99168
4007.70432
4362.25536
4422.20416
4007.70432
4007.70432
4007.70432
4990.7776
4007.70432
3858.94528
8037.99168
4415.01568
3915.4368
4007.70432
4879.24352
4007.70432
4324.35968
4007.70432
4007.70432
4007.70432
4633.44896
4879.24352
4411.68768
4007.70432
4007.70432
4416.79232
4007.70432
4045.53216
4007.70432
4007.70432
4007.70432
4007.70432
4352.0512
4007.70432
4009.88928
4007.70432
4007.70432
4007.70432
4007.70432
4007.70432
4007.70432
4007.70432
4007.70432
4248.8192
4007.70432
8037.99168
4007.70432
4007.70432
8037.99168
4998.63296
4007.70432
4007.70432
4352.0512
4318.3616
4332.70272
4007.70432
4318.43456
3882.0416
4007.70432
4007.70432
8037.99168
8037.99168
4007.70432
4007.70432
4007.70432
4007.70432
4007.70432
4007.70432
4007.70432
4007.70432
4879.6288
8037.99168
4007.70432
4007.70432
4007.70432
8037.99168
4007.70432
4415.01568
4007.70432
4007.70432
4007.70432
4007.70432
4007.70432
4007.70432
4007.70432
4317.51168
4329.80992
4007.70432
4009.88928
8037.99168
8037.99168
4007.70432
4007.70432
4007.70432
4278.61632
4007.70432
4007.70432
4007.70432
4007.70432
4007.70432
3764.61952
4318.3616
4364.25344
4007.70432
4566.14784
4007.70432
4007.70432
4566.14784
4317.3952
4007.70432
4007.70432
4007.70432
4007.70432
4300.78976
8037.99168
4007.70432
4012.69248
4362.25536
4007.70432
4341.18656
4007.70432
4007.70432
4007.70432
4275.9872
4007.70432
4007.70432
4012.69248
4007.70432
4007.70432
4007.70432
4007.70432
4278.61632
8037.99168
4007.70432
3747.04768
4364.25344
4007.70432
4882.79552
4007.70432
4007.70432
5041.536
4007.70432
4007.70432
4007.70432
4339.70048
4007.70432
4007.70432
4007.70432
4007.70432
4007.70432
4039.24224
8037.99168
4007.70432
4007.70432
4419.16032
4316.64768
4318.43456
4007.70432
4007.70432
4007.70432
4007.70432
4007.70432
4007.70432
4007.70432
4007.70432
4007.70432
4007.70432
4007.70432
4007.70432
4032.52736
4855.95392
4301.30048
4007.70432
3780.83712
4278.5152
4412.61568
4007.70432
4007.70432
4316.64768
4007.70432
3864.17024
4998.63296
4007.70432
4007.70432
3864.17024
4416.79232
4007.70432
4007.70432
4007.70432
4007.70432
4007.70432
4007.70432
4007.70432
3780.83712
4007.70432
4025.07776
4007.70432
4007.70432
4007.70432
4007.70432
4007.70432
4415.01568
4856.14208
4007.70432
4007.70432
4007.70432
4007.70432
5041.536
4007.70432
4415.01568
4248.77696
4007.70432
4007.70432
4007.70432
4007.70432
4007.70432
8037.99168
4007.70432
4339.70048
4007.70432
4007.70432
3882.0416
4007.70432
4350.82112
4880.97536
4007.70432
4007.70432
4007.70432
4007.70432
4352.0512
4007.70432
4320.18816
4007.70432
8037.99168
8037.99168
4007.70432
3773.22496
4007.70432
4007.70432
4007.70432
3832.27264
4007.70432
4007.70432
4007.70432
4320.34304
8037.99168
4007.70432
4422.19392
8037.99168
8037.99168
4352.0512
4007.70432
4879.77088
4007.70432
4007.70432
4007.70432
4007.70432
4007.70432
4007.70432
4007.70432
4007.70432
4007.70432
4007.70432
4007.70432
4007.70432
4007.70432
4417.15712
4007.70432
4007.70432
4362.25536
3864.17024
4412.61568
4007.70432
4007.70432
8037.99168
4007.70432
4007.70432
4007.70432
4007.70432
4352.0512
4007.70432
4007.70432
4007.70432
8037.99168
4007.70432
8037.99168
4007.70432
4007.70432
4417.20576
4338.01728
4007.70432
4007.70432
4007.70432
4367.77088
4007.70432
4007.70432
4007.70432
4007.70432
4414.62912
4007.70432
4316.64768
4302.30144
4007.70432
4352.0512
4007.70432
4007.70432
4007.70432
4007.70432
8037.99168
4012.69248
4414.7456
3755.47136
4007.70432
4007.70432
4276.93184
4007.70432
4007.70432
4007.70432
4007.70432
8037.99168
4007.70432
4007.70432
4007.70432
8037.99168
4007.70432
4007.70432
4352.0512
8037.99168
4007.70432
4007.70432
4276.93184
4007.70432
3858.39488
4007.70432
8037.99168
4007.70432
4007.70432
4007.70432
4007.70432
4007.70432
4411.68768
4007.70432
4418.27456
4007.70432
4007.70432
3851.10784
4007.70432
4316.64768
4007.70432
4416.79232
4007.70432
4007.70432
4007.70432
4301.30048
4418.27456
4007.70432
4007.70432
4007.70432
4007.70432
4007.70432
4007.70432
3864.17024
4007.70432
4007.70432
4007.70432
4007.70432
4007.70432
4007.70432
4007.70432
4007.70432
4007.70432
4334.89664
4007.70432
4007.70432
3832.27264
4007.70432
4007.70432
3715.65568
4007.70432
4007.70432
8037.99168
4007.70432
4880.93952
4007.70432
4007.70432
4007.70432
4338.01728
3911.86816
4007.70432
4415.01568
5029.11488
4007.70432
4007.70432
4007.70432
4007.70432
4007.70432
4317.3952
4007.70432
4007.70432
4007.70432
5006.688
4007.70432
3832.27264
4280.02048
3858.94528
4352.0512
4007.70432
4007.70432
4045.53216
4007.70432
4007.70432
4012.69248
4007.70432
8037.99168
4007.70432
4422.19392
4007.70432
4007.70432
4417.20576
4007.70432
4879.77088
4007.70432
4415.01568
8037.99168
4007.70432
8037.99168
4007.70432
4007.70432
4007.70432
4007.70432
4007.70432
4007.70432
4007.70432
4007.70432
4007.70432
4317.51168
4007.70432
4007.70432
4316.64768
4352.0512
8037.99168
4007.70432
4415.01568
4007.70432
3715.65568
8037.99168
4007.70432
4007.70432
4007.70432
4007.70432
4007.70432
4007.70432
4007.70432
4007.70432
4007.70432
4007.70432
4414.7456
4007.70432
4012.69248
4007.70432
4007.70432
4341.18656
4354.56
4879.77088
8037.99168
4007.70432
8037.99168
4007.70432
4007.70432
4007.70432
4007.70432
4007.70432
4007.70432
3851.10784
4316.64768
8037.99168
4566.14784
3909.9648
4007.70432
4576.48128
3864.17024
4007.70432
4341.18656
4007.70432
4007.70432
4012.69248
4007.70432
4007.70432
4007.70432
4007.70432
4007.70432
4007.70432
4007.70432
4007.70432
4007.70432
4007.70432
4007.70432
3832.27264
4007.70432
4007.70432
4301.30048
4007.70432
4007.70432
8037.99168
3858.94528
4411.68896
4633.44896
4007.70432
4332.70272
4007.70432
4007.70432
3715.65568
4007.70432
4007.70432
8037.99168
8037.99168
4007.70432
4007.70432
4007.70432
4990.7776
8037.99168
3851.10784
4007.70432
4350.82112
4028.46208
4007.70432
4007.70432
3858.94528
4007.70432
4007.70432
4007.70432
4007.70432
4007.70432
4007.70432
4359.20128
3864.17024
4990.7776
4012.69248
4007.70432
4007.70432
4007.70432
4007.70432
4415.01568
4007.70432
4007.70432
4007.70432
4007.70432
4007.70432
4007.70432
4007.70432
4007.70432
4007.70432
