4007.70432
4007.70432
4007.70432
4007.70432
4007.70432
4007.70432
4007.70432
4007.70432
4007.70432
4007.70432
4007.70432
4007.70432
4007.70432
8037.99168
3851.2512
4007.70432
4007.70432
4007.70432
4007.70432
4000.82048
4007.70432
4007.70432
4007.70432
4007.70432
4007.70432
4007.70432
4007.70432
4007.70432
4007.70432
4007.70432
4007.70432
4007.70432
4007.70432
4007.70432
4007.70432
4007.70432
4007.70432
8037.99168
4007.70432
4007.70432
4007.70432
4007.70432
4007.70432
4007.70432
3764.61952
3864.17024
4007.70432
4007.70432
4007.70432
4007.70432
4007.70432
4007.70432
3711.36384
4007.70432
4007.70432
4007.70432
4007.70432
4007.70432
4007.70432
4007.70432
4007.70432
4007.70432
4007.70432
3888.17664
4007.70432
8037.99168
4007.70432
4007.70432
8037.99168
4007.70432
4007.70432
4007.70432
4007.70432
4012.69248
4007.70432
3851.2512
4007.70432
4007.70432
4007.70432
4007.70432
4007.70432
4007.70432
4007.70432
4007.70432
4007.70432
4007.70432
3771.17312
4007.70432
3914.95168
4007.70432
4007.70432
4007.70432
4007.70432
4007.70432
4007.70432
4007.70432
4007.70432
4007.70432
4007.70432
4007.70432
4007.70432
4007.70432
4007.70432
4007.70432
3861.85856
4007.70432
4007.70432
4007.70432
4007.70432
4007.70432
4007.70432
4007.70432
4007.70432
4007.70432
4007.70432
4007.70432
4007.70432
4007.70432
4007.70432
4007.70432
4007.70432
3864.17024
4007.70432
4007.70432
4007.70432
4007.70432
4007.70432
4007.70432
4007.70432
4007.70432
4007.70432
4007.70432
3911.86816
4007.70432
3915.9488
4007.70432
4007.70432
4007.70432
4007.70432
4007.70432
4007.70432
4007.70432
4007.70432
4007.70432
4007.70432
3778.64576
4007.70432
3770.6048
4007.70432
4007.70432
4007.70432
4007.70432
4007.70432
4009.28256
3852.63232
3780.93568
4007.70432
3864.17024
4007.70432
3882.0416
4007.70432
4012.69248
4007.70432
4007.70432
4007.70432
4007.70432
4007.70432
4007.70432
4007.70432
4007.70432
4007.70432
3768.4992
4007.70432
4007.70432
4007.70432
4007.70432
4007.70432
4007.70432
4007.70432
3864.17024
4007.70432
4007.70432
4007.70432
4007.70432
4007.70432
4007.70432
4007.70432
4007.70432
4007.70432
4007.70432
4007.70432
4007.70432
4007.70432
4007.70432
4007.70432
4007.70432
3858.39488
4007.70432
4007.70432
4007.70432
4007.70432
4007.70432
4007.70432
4007.70432
4007.70432
3864.17024
4007.70432
4007.70432
4007.70432
4007.70432
8037.99168
4007.70432
4007.70432
4007.70432
4012.69248
3777.83936
4007.70432
4007.70432
4007.70432
4007.70432
4007.70432
4007.70432
4007.70432
4007.70432
3852.63232
4007.70432
4007.70432
4007.70432
4007.70432
4012.69248
4007.70432
4007.70432
3832.27264
4007.70432
4007.70432
4007.70432
8037.99168
4007.70432
3861.85856
4007.70432
4007.70432
4012.69248
4007.70432
4007.70432
4007.70432
4007.70432
4012.69248
4007.70432
4007.70432
4007.70432
3864.17024
3851.2512
4007.70432
4007.70432
3711.36384
4007.70432
4007.70432
3864.17024
8037.99168
4007.70432
4007.70432
4007.70432
4007.70432
4007.70432
4007.70432
3851.2512
3864.17024
4007.70432
4007.70432
4007.70432
3882.0416
4007.70432
4007.70432
4007.70432
4007.70432
4007.70432
4007.70432
4000.82048
4007.70432
4007.70432
4007.70432
4056.33152
4007.70432
4007.70432
3915.21024
4007.70432
4007.70432
4007.70432
4007.70432
3773.22496
4007.70432
4007.70432
4007.70432
4007.70432
4007.70432
4007.70432
4007.70432
4007.70432
4007.70432
4007.70432
4007.70432
4007.70432
3858.39488
4007.70432
4007.70432
3864.17024
4007.70432
4007.70432
4007.70432
4007.70432
3911.86816
4007.70432
4007.70432
4007.70432
4007.70432
4007.70432
3768.04864
4007.70432
3795.71456
4007.70432
4076.29312
4007.70432
4007.70432
4007.70432
4007.70432
4007.70432
4007.70432
3780.83712
4007.70432
8037.99168
4007.70432
4007.70432
3861.85856
4007.70432
4007.70432
3851.2512
4007.70432
4007.70432
4007.70432
4007.70432
4007.70432
4007.70432
4007.70432
4007.70432
8037.99168
4000.82048
4007.70432
4007.70432
4007.70432
4007.70432
4007.70432
4007.70432
4009.28256
4007.70432
4007.70432
4007.70432
4007.70432
4007.70432
4007.67104
4007.70432
4007.70432
4007.70432
4012.69248
4007.70432
4007.70432
4007.70432
4007.70432
4007.70432
3915.21024
4007.70432
4007.70432
4007.70432
4007.70432
4007.70432
3810.40768
4007.70432
4007.70432
4007.70432
4007.70432
4007.70432
3864.17024
3915.03616
3858.39488
4007.70432
4007.70432
3711.36384
4007.70432
4007.70432
4007.70432
4000.82048
4007.70432
4007.70432
4007.70432
4007.70432
4007.70432
4007.70432
4007.70432
4012.69248
4007.70432
4007.70432
3766.5792
4007.70432
4007.70432
4007.70432
3810.40768
3915.21024
4007.70432
4007.70432
4007.70432
4007.70432
4007.70432
3806.1952
4007.70432
4007.70432
4007.67104
3864.17024
4007.70432
4007.70432
4007.70432
4000.82048
4007.70432
4007.70432
3851.2512
4007.70432
4007.70432
4007.70432
8037.99168
4007.70432
4007.70432
4007.70432
4007.70432
4007.70432
4007.70432
4007.70432
4007.70432
4007.70432
4007.70432
4007.70432
4007.70432
4007.70432
4007.70432
4007.70432
4007.70432
4007.70432
3864.17024
4007.70432
4007.70432
4007.70432
4007.70432
4007.70432
4007.70432
4007.70432
4007.70432
4007.70432
3911.86816
4007.70432
4007.70432
4007.70432
4007.70432
4007.70432
4007.70432
4007.70432
4007.70432
4007.70432
4007.70432
4007.70432
4007.70432
4007.70432
4007.70432
4007.70432
4007.70432
8037.99168
4007.70432
4007.70432
4007.70432
4007.70432
4000.82048
4007.70432
4007.70432
4007.70432
4007.70432
4007.70432
4007.70432
4007.70432
4007.70432
4007.70432
4007.70432
4007.70432
3711.36384
4000.82048
4063.99488
4007.70432
4007.70432
4012.69248
3861.85856
4007.70432
4007.70432
4007.70432
4007.70432
3864.17024
4007.70432
4007.70432
4007.70432
4007.70432
4007.70432
4009.28256
4007.70432
4007.70432
4007.70432
4007.70432
4007.70432
4007.70432
4007.70432
4007.70432
4012.69248
3861.85856
4007.70432
4007.70432
4007.70432
4007.70432
4007.70432
3773.22496
4007.70432
4007.70432
8037.99168
4007.70432
4007.70432
4007.70432
4007.70432
4007.70432
4007.70432
4007.70432
4007.70432
4007.70432
4007.70432
3768.4992
3882.0416
4000.82048
4007.70432
3851.2512
3864.17024
4007.70432
4007.70432
4007.70432
4007.70432
8037.99168
4007.70432
4007.70432
3812.44544
8037.99168
4007.70432
4007.70432
3850.39488
4007.70432
4007.70432
4007.70432
4007.70432
4007.70432
4007.70432
4007.70432
4007.70432
3755.47136
4007.70432
3912.1984
3861.85856
4012.69248
4007.70432
4007.70432
4007.70432
4007.70432
4007.70432
4007.70432
4007.70432
8037.99168
4007.70432
3915.21024
4007.70432
4007.70432
4007.70432
4007.70432
3850.39488
4007.70432
4007.70432
4007.70432
3861.85856
4007.70432
4007.70432
4007.70432
4007.70432
3909.16096
4007.70432
4007.70432
4007.70432
4000.82048
4007.70432
4007.70432
4007.70432
3771.17312
4007.70432
4012.69248
4007.70432
4007.70432
4007.70432
4007.70432
4007.70432
4007.70432
4007.70432
4007.70432
4007.70432
4007.70432
4007.70432
4007.70432
4007.70432
4007.70432
4007.70432
4007.70432
4007.70432
4007.70432
4007.70432
4007.70432
4007.70432
4007.70432
4007.70432
4007.70432
4007.70432
3864.17024
4007.70432
4007.70432
4007.70432
4007.70432
3864.17024
4007.70432
4007.70432
4007.70432
4007.70432
4007.70432
4007.70432
4007.70432
3864.17024
4007.70432
4007.70432
4007.70432
4007.70432
3861.85856
4007.70432
4007.70432
4007.70432
4007.70432
4007.70432
4007.70432
4007.70432
4007.70432
4007.70432
4007.70432
4007.70432
4007.70432
4007.70432
3747.04768
3852.63232
4007.70432
8037.99168
4007.70432
3864.17024
4007.70432
4007.70432
4007.70432
4007.70432
4007.70432
4007.70432
3832.27264
4007.70432
4007.70432
4000.82048
4007.70432
4007.70432
3864.17024
4007.70432
4007.70432
4007.70432
4007.70432
4012.69248
4007.70432
4007.70432
4007.70432
4007.70432
4007.70432
3780.83712
4007.70432
4007.70432
3810.40768
4007.70432
4007.70432
4007.70432
4007.70432
4007.70432
3806.1952
4007.70432
3812.07168
4000.82048
4007.70432
4007.70432
4007.70432
4007.70432
4007.70432
4007.70432
4007.70432
4007.70432
3851.2512
4007.70432
4007.70432
4007.70432
4007.70432
4007.70432
4007.70432
8037.99168
4007.70432
4007.70432
4007.70432
3768.4992
4007.70432
4063.39712
4007.70432
4007.70432
3832.27264
4007.70432
4007.70432
4007.70432
4012.69248
4007.70432
4007.70432
4007.70432
8037.99168
4007.70432
4007.70432
4007.70432
4012.69248
4007.70432
4007.70432
4007.70432
4007.70432
4007.70432
4007.70432
4007.70432
3810.40768
4007.70432
3864.17024
8037.99168
4000.82048
3851.2512
4007.70432
4007.70432
4007.70432
4007.70432
4007.70432
4007.70432
3909.16096
4007.70432
4012.69248
4007.70432
3851.2512
4007.70432
4007.70432
4007.70432
4007.70432
3864.17024
4007.70432
4007.70432
4007.70432
4007.70432
4007.70432
4007.70432
4007.70432
4000.82048
4007.70432
4007.70432
8037.99168
4007.70432
8037.99168
4007.70432
4007.70432
4007.70432
3711.36384
4007.70432
4007.70432
4007.70432
4007.70432
4007.70432
4007.70432
4007.70432
4007.70432
4007.70432
4007.70432
4007.70432
4007.70432
4007.70432
4007.70432
4007.70432
4012.69248
4007.70432
4007.70432
3914.95168
4007.70432
4009.28256
4007.70432
4007.70432
3851.2512
4007.70432
4007.70432
4007.70432
4007.70432
4007.70432
4007.70432
3864.17024
4007.70432
4007.70432
4007.70432
3747.04768
4007.70432
4007.70432
4007.70432
4007.70432
4000.82048
4007.70432
4007.70432
4007.70432
4007.70432
4007.70432
4007.70432
4007.70432
4007.70432
4007.70432
4007.70432
4007.70432
4007.70432
4007.70432
4007.70432
4007.70432
4007.70432
4007.70432
4007.70432
4007.70432
4000.82048
4007.70432
4007.70432
4007.70432
4007.70432
4007.70432
3861.85856
4007.70432
4007.70432
4007.70432
4007.70432
4007.70432
3914.34112
4007.70432
4007.70432
4007.70432
4007.70432
4007.70432
8037.99168
4007.70432
4007.70432
4007.70432
4007.70432
4007.70432
4007.70432
4007.70432
4007.70432
4012.69248
4007.70432
8037.99168
4007.70432
4007.70432
4007.70432
4007.70432
4007.70432
4007.70432
4007.70432
4007.70432
4007.70432
4007.70432
4007.70432
4007.70432
4007.70432
3832.27264
4007.70432
4007.70432
4007.70432
4007.70432
4007.70432
4007.70432
4007.70432
4007.70432
4007.70432
4007.70432
4007.70432
4000.82048
4007.70432
4007.70432
4007.70432
4007.70432
4007.70432
4007.70432
4007.70432
4007.70432
4007.70432
4007.70432
4007.70432
4007.70432
4007.70432
4007.70432
4007.70432
4007.70432
8037.99168
3915.91552
4007.70432
4007.70432
4007.70432
4007.70432
4007.70432
4007.70432
4007.70432
4007.70432
3915.4368
4007.70432
4007.70432
4060.03456
4007.70432
4007.70432
4007.70432
3851.2512
3764.61952
4007.70432
4007.70432
4007.70432
4007.70432
4007.70432
4007.70432
4007.70432
3768.4992
4000.82048
4007.70432
4007.70432
4007.70432
4007.70432
4007.70432
4007.70432
4012.69248
3810.40768
4007.70432
3814.18496
4007.70432
4007.70432
3760.24704
4007.70432
4000.82048
4007.70432
4012.69248
4007.70432
4007.70432
4007.70432
4007.70432
4007.70432
4007.70432
4007.70432
4007.70432
4007.70432
4007.70432
4007.70432
3864.4608
4007.70432
8037.99168
4000.82048
4007.70432
4007.70432
4007.70432
4007.70432
4007.70432
4007.70432
4007.70432
4007.70432
3850.39488
4007.70432
4007.70432
4007.70432
4007.70432
4007.70432
4007.70432
4007.70432
4007.70432
4007.70432
4000.82048
3711.36384
3915.21024
4007.70432
4007.70432
4007.70432
3832.27264
4007.70432
4007.70432
